7826332	4.50
7826352	6.00
7826377	6.00
7826372	5.00
8090771	6.00
8090772	6.00
7826381	6.00
7826349	5.00
8090773	5.00
8126360	28.90
8126361	28.90
8126362	28.90
8116891	24.90
8079251	24.90
8079256	29.90
8116892	34.90
8079259	23.90
8079261	28.90
8079265	34.00
8079267	34.00
8079274	22.90
8116893	24.90
8079276	28.90
8079283	49.90
8079284	49.90
8116894	32.90
8079247	25.90
8116895	29.90
8116896	29.90
8079252	28.99
8079258	23.90
8116897	34.90
8079264	26.00
8116898	38.90
8079272	31.90
8116899	30.90
8079281	29.90
8079285	45.90
8099412	49.90
8099413	209.90
8099414	89.90
8102233	65.90
8090774	23.90
8090775	38.90
8090776	38.90
8090777	20.90
8090778	15.90
7855281	24.90
7851572	86.90
8090779	19.90
7822737	12.90
8099415	39.90
8099416	116.90
8090780	24.90
8090781	34.90
7855283	19.90
8090782	19.90
8090783	19.90
7855285	30.00
7855289	16.90
7855290	10.50
8099417	84.90
8099418	89.90
8102234	52.90
8102235	89.90
8102236	69.90
8102237	109.90
8102238	29.90
8102239	59.90
8102240	54.90
7821821	46.90
7821822	26.00
8250842	49.90
8250843	34.90
8250844	34.90
8250845	34.90
8250846	24.90
7851489	34.90
7851490	34.90
7851495	34.90
8117815	344.90
8117814	344.90
8117806	344.90
8117813	344.90
8117816	344.90
8117811	344.90
8117812	344.90
8117808	369.90
8117810	369.90
8117795	369.90
8117809	369.90
8117803	369.90
8117807	369.90
8117805	369.90
8117802	369.90
8117804	369.90
8117800	449.90
8117799	449.90
8117798	449.90
8117801	449.90
8117797	449.90
8117796	449.90
8099419	229.90
8250850	1.50
8079290	33.90
8079287	10.90
8079288	20.00
8090784	34.90
8099420	64.90
8099421	64.90
8099422	64.90
8099423	64.90
8099424	64.90
8099425	64.90
8099426	64.90
8099427	64.90
8099428	64.90
8099429	64.90
8099430	56.90
8099431	56.90
7851393	34.90
8090785	159.90
7847628	159.90
8090787	39.90
8090788	165.00
7847626	165.00
8090789	39.90
8090790	78.90
7849434	41.90
7849437	29.90
8090795	145.00
8090796	27.90
8090797	55.90
8090798	61.90
8090799	80.00
8090800	67.90
8090801	37.90
8090802	44.90
8090803	44.90
8090804	35.90
7849440	84.90
8090805	33.90
8090806	24.90
8090807	29.90
8090808	84.90
8090809	94.90
8090810	105.00
8090816	144.90
8090817	129.90
7855315	69.90
7847619	69.90
7855316	69.90
7855317	69.90
7849447	89.90
7851392	44.90
7847636	27.90
8090822	6.00
7847642	27.90
8090823	6.00
7855319	19.90
8090824	24.90
8090825	72.90
8090826	79.90
8090827	86.90
7855320	84.90
8099432	169.90
8099433	48.90
8099434	48.90
8099435	48.90
7851417	56.90
8090828	6.90
8090829	23.90
8090830	23.90
8090831	16.90
7851420	89.90
7851422	89.90
8090832	16.90
7855324	29.90
8167779	29.90
8167778	24.90
8090833	26.90
8250832	14.90
8090834	26.90
8126363	17.90
8099436	94.90
8099437	36.90
8099438	36.90
8099439	36.90
8099440	36.90
8102241	49.90
8102242	169.90
8090836	39.90
8090835	19.90
8090837	24.90
8090838	9.90
8090839	7.90
8090840	21.90
8090841	18.90
8090842	13.90
7826413	14.90
8250840	8.90
8090843	16.90
7822739	8.00
7822740	24.90
8099441	34.90
8099442	34.90
8099443	34.90
8099444	78.90
8099445	34.90
8099446	49.90
8099447	54.90
8079292	7.90
8079293	7.90
8079294	7.90
8079296	8.90
8079295	8.90
8079297	8.90
8079298	8.50
8079299	6.50
8079300	6.50
8079302	3.90
8250831	4.00
8090844	5.50
8079303	7.90
8079304	8.90
8079305	8.90
8079307	8.90
8079306	8.90
8090845	4.90
8090846	10.90
8079308	10.90
8079309	10.90
8090847	10.00
8079311	8.90
8079312	10.90
8079313	10.90
8079314	10.90
8090848	17.90
8250836	7.50
8090849	7.50
8250837	7.50
8250838	7.50
8079315	8.90
8079316	9.90
8090850	9.90
8079317	8.90
8079319	8.90
8090851	9.90
7855325	40.00
8167780	7.90
8167781	7.90
8079320	10.90
8079321	10.90
8090852	8.90
8090853	8.00
8099448	74.90
8099449	74.90
8092164	7.50
8092165	21.00
8092166	21.00
8079322	9.00
8079323	18.00
8079324	21.90
8079325	32.90
8090854	36.90
7822743	44.90
7822744	24.90
7822746	14.90
7822747	5.90
7822748	20.00
7822749	20.00
7822750	20.00
7822762	24.90
7822684	24.90
7822685	24.90
7822686	24.90
7855349	56.99
7855351	56.99
7855353	56.99
7855355	56.99
7855361	56.99
8250829	7.50
7822784	12.90
7822770	12.90
7822779	12.90
7822785	6.00
7822786	9.90
7822788	13.90
8090855	36.00
7822793	13.90
7822795	13.90
7822797	13.90
8090856	34.90
7851501	22.90
7851504	24.90
7851500	43.90
7822689	29.90
7822690	29.90
7822691	4.90
7822692	4.50
8341941	34.90
8341943	34.90
8250830	34.90
7822695	13.90
8250848	12.50
8090911	12.50
7822697	9.90
7822698	18.90
7822717	17.90
7822699	10.90
7822700	32.90
7822799	19.90
7851526	12.90
8090857	21.90
7851538	32.90
7851542	19.90
7855377	17.90
7855378	17.90
7822803	18.90
7822806	15.90
7822805	15.90
7822815	19.90
7822817	15.90
8090858	10.90
8090859	12.90
8090860	12.90
7822701	12.90
7851566	9.90
8090861	10.90
7851554	10.50
8090862	24.90
8079326	22.90
8079327	22.90
8250851	19.90
8079328	24.90
8090863	26.90
8099450	62.90
8099451	37.90
8099452	37.90
8099453	37.90
8099454	37.90
8099455	37.90
8102243	114.90
8102244	81.90
8102245	28.90
8102246	28.90
8102247	110.00
8102248	74.90
8102249	74.90
8102250	144.90
8102251	89.90
8102252	89.90
8099456	97.90
8099457	24.90
7851558	25.00
7851557	25.00
8099458	126.90
8099459	126.90
8099460	126.90
8090864	6.50
8079334	5.00
8250839	3.00
8079338	6.00
8079340	5.00
8090865	8.00
8090866	8.00
8090867	8.00
8090868	18.00
8090869	14.90
8090870	8.00
7821854	14.90
7821855	18.00
8090871	18.00
7821852	14.90
8090872	14.90
7821849	14.90
7821856	18.00
8251535	44.90
8251537	34.90
8251538	25.00
8251540	29.90
8251541	54.90
8251536	149.90
8251542	54.90
8251539	5.90
8090818	29.90
8090819	38.90
7849826	38.90
7852607	7.99
7852612	7.99
7852618	7.99
7852621	7.99
8090873	7.99
7852640	7.99
7852914	7.99
8099461	54.90
8099462	48.90
8250849	10.00
8099463	104.90
8099464	89.90
8102256	209.90
8102253	119.90
8102254	129.90
8102255	134.90
8102257	134.90
8102258	64.90
8102259	64.90
8102260	64.90
8102261	64.90
8102262	64.90
8102263	64.90
8102264	64.90
8102265	64.90
8102266	64.90
8102267	64.90
8102268	64.90
8102269	64.90
8102270	64.90
8102271	89.90
8090874	1.50
8090875	19.90
7855389	14.90
7855390	9.50
7855394	24.90
7855391	29.90
8090877	19.90
8090878	17.50
7826422	19.90
7826415	18.90
7851768	26.90
8090879	3.00
8102272	39.90
8102273	39.90
8099465	64.90
8099466	64.90
8099467	64.90
8099468	64.90
8099469	64.90
8099470	64.90
8099471	64.90
8099472	64.90
8090880	6.50
8099473	59.90
8099474	89.90
8099475	87.90
8090812	79.90
8090813	79.90
8090811	79.90
8090814	79.90
8099476	83.90
8099477	169.90
8099478	169.90
8099479	83.90
8099480	83.90
8090881	13.90
8090882	12.00
8090883	6.90
8090884	16.00
8250841	6.50
8090886	3.50
8090887	19.90
8134717	2.50
8134718	2.50
8090888	12.90
8090889	15.90
8090890	16.00
8201258	14.00
8201259	22.00
8201260	22.00
8201261	22.00
8201262	16.00
8201263	16.00
7851568	30.00
8090891	8.50
8090892	8.50
8090893	8.50
8090894	12.90
8090895	12.90
8090896	10.00
8090897	10.00
8090898	10.00
8090899	10.00
8090900	10.00
8090901	10.00
7855395	12.90
8079342	13.90
8250833	14.90
8090902	35.50
8090903	35.70
8090904	35.50
8090905	35.50
8090906	35.50
8090907	37.50
8090908	31.00
8098359	13.00
8079343	7.50
8090909	13.00
8099481	44.90
8099482	67.90
8099483	97.90
8099484	67.90
8099485	45.90
8099486	39.90
8099487	39.90
8090912	0.50
7851728	16.90
8090913	23.90
8090914	21.90
7851734	3.00
7851765	4.90
7851737	3.00
7851739	3.00
7851761	3.00
7851764	3.00
8090915	4.50
8090916	4.50
8090917	3.90
8090927	4.90
8090918	3.50
8090919	3.50
8090920	3.50
8090921	3.50
8090925	4.90
8090926	4.90
8090922	2.50
8090923	5.00
8090924	5.00
7826387	6.50
8090928	12.60
8090929	9.50
8090930	10.25
8090931	3.50
8090932	3.50
8090933	3.50
8090934	3.50
8090935	3.50
8090936	3.50
8090937	4.90
8090938	4.90
8167782	3.50
8167784	6.90
8090939	7.00
8090940	7.00
8090941	6.65
8090942	4.90
8090943	2.60
8090944	2.60
8090945	2.50
8090946	2.50
8090947	4.90
8090948	5.15
8090949	12.50
8090950	4.90
8090951	4.90
8090952	5.50
8090953	19.90
8090954	3.50
8090955	4.00
8090956	4.00
7826393	3.50
7826398	3.00
7826401	3.00
8090957	3.00
8090958	3.00
8167785	2.00
8167783	2.00
7826404	2.00
8167786	2.00
8167787	2.00
8167788	2.50
7826406	2.00
7826411	2.00
8167789	2.00
8090959	12.50
8090961	4.00
8102274	15.00
8102275	6.90
8090962	2.50
8099488	49.90
8099489	108.00
8201264	74.90
8250834	59.90
8201265	39.90
8201266	81.90
8201267	24.90
8201268	19.90
8201269	19.90
8201270	14.90
8201271	74.90
8250835	64.90
8201272	219.90
8201273	64.90
8201274	64.90
7855413	10.50
8090963	9.90
8090964	12.90
8090965	12.90
8099490	124.90
7851569	4.90
8250847	4.90
7851570	4.90
7851571	4.90
8134711	3.00
8134712	3.00
8134713	3.00
8134714	3.00
8134715	3.00
8134716	3.00
8090966	41.90
8090967	43.90
8090968	43.90
8167790	14.90
8167791	19.90
8167792	9.90
8079291	8.00
8090970	20.00
8102276	54.90
8102277	79.90
8102278	39.90
8102279	50.90
8102280	90.90
8099491	34.90
8099492	34.90
8099493	34.90
8099494	24.90
8099495	34.90
8099496	34.90
8099497	34.90
8099498	34.90
8099499	34.90
8099500	55.90
8099501	55.90
8102281	21.90
8219373	47.90
8219374	35.90
8219375	43.90
8219376	31.90
8219377	43.90
8219378	31.90
8219379	43.90
8219380	31.90
8339637	59.90
8339638	59.90
8339640	59.90
8219381	37.90
8219382	21.90
8219383	15.90
8219384	36.90
8219385	19.90
8219386	24.90
8219387	49.90
8219388	49.90
8219389	39.90
8219390	39.90
8219391	39.90
8339618	380.00
8219392	200.00
8219393	200.00
8219394	200.00
8219395	24.90
8219396	19.90
8339619	45.90
8219397	39.90
8219398	39.90
8219399	11.90
8219400	95.90
8219401	19.90
8219402	21.90
8219403	97.90
8219404	134.90
8219405	69.90
8219406	47.90
8219407	24.90
8090971	109.90
8090972	109.90
7852957	3.90
7852977	3.00
7853008	3.50
7853011	4.90
7852993	3.50
7852986	7.00
7852988	4.00
8090973	4.00
8090976	3.00
8090977	3.00
7853002	3.50
7853005	3.00
8090978	3.50
7852999	3.50
8090979	5.50
7853017	5.50
8090980	3.25
8090981	3.65
8090982	2.40
8090983	2.60
8090987	3.00
8090988	2.60
8090989	2.60
8090990	4.15
8090994	3.45
8090995	3.70
8090984	3.50
8090986	3.50
8090991	4.50
8090985	3.50
8090992	4.50
8090993	4.50
7824522	11.90
7824523	11.90
7824560	6.00
7824566	6.50
8090996	3.50
8090997	3.90
8090998	6.50
7824571	3.50
7824573	3.50
7824583	3.50
7824588	3.50
7853093	2.50
7853090	2.50
7853086	2.50
7853097	2.50
7853108	1.90
7853102	2.00
8090999	10.00
8091008	4.90
8091000	2.90
8091001	2.90
8091002	226.90
8091003	4.50
8091004	4.50
8091005	4.90
8091006	4.90
8091007	4.50
8091009	5.50
8091010	5.00
8091011	246.90
8091012	5.00
8091013	5.00
8091014	5.50
8091015	5.50
8091016	11.90
8091017	10.90
8091018	11.90
8091019	11.90
7824632	3.50
7824610	3.50
7824605	2.90
7824591	5.90
7824615	3.00
7824620	2.90
7824622	2.50
7824625	3.50
7824652	3.00
7824638	2.50
7824644	2.50
7824646	5.50
7824648	3.50
7824650	3.50
7853112	5.50
7824772	9.90
7824761	7.50
7824823	8.50
7824765	7.50
8091021	6.50
7824767	6.90
8167793	2.50
7824840	2.50
7824864	2.50
7824849	2.50
7824879	5.90
7824906	5.50
7824928	5.50
7824891	2.50
7824888	2.50
7824919	2.50
7824845	2.50
8091022	4.50
7853924	4.90
7853922	4.90
7853920	10.50
7853929	3.90
7853927	4.50
7853931	3.90
7853933	4.90
7853935	4.50
7854106	3.90
7853937	4.50
7854108	9.00
8091023	2.50
7854125	2.50
7854112	5.50
7854110	5.50
7854116	4.00
7854114	4.50
7854119	4.50
7854121	5.00
7854132	4.50
7854127	5.50
8339551	4.50
8339552	5.50
8091024	2.50
8091025	2.50
8091026	2.50
8091027	2.50
8091028	2.50
8091029	2.60
8091030	2.60
8091031	23.90
8091032	8.00
8091033	22.90
8091034	22.90
8091035	22.90
8091036	6.50
8099502	79.90
7821866	16.90
7821867	14.90
7821869	22.90
7821870	16.90
8091037	12.90
8091038	23.90
7822818	53.90
7822819	53.90
8091039	16.90
8091040	10.00
8148533	21.90
7851563	29.90
8091041	33.90
7851564	33.90
8091042	33.90
8091043	15.90
7822702	11.90
8102282	189.90
8091044	16.00
8091045	16.00
8091046	14.90
8099503	133.90
8099504	148.90
8099505	133.90
8091047	10.90
8091048	10.50
8091049	10.50
8079344	4.90
8099506	29.90
8091050	33.90
8091051	12.90
8091052	19.90
8099507	94.90
8099508	46.90
8099509	46.90
8099510	46.90
8099511	46.90
8099512	46.90
8091053	97.90
8126364	34.90
8126365	24.90
8126366	28.90
7855448	6.00
7851817	8.00
7851822	14.90
7851827	18.90
7851832	9.90
8126367	4.90
8126368	14.90
8126369	4.90
8167796	10.00
7851838	16.00
7851769	29.90
8167794	6.90
7826431	12.90
8327378	12.90
7855532	5.50
8167795	39.90
8099513	43.90
8099514	43.90
8099515	43.90
8099516	43.90
8099517	43.90
8099518	43.90
8099519	66.90
8099520	66.90
8099521	49.90
8099522	66.90
8102283	109.90
8102284	34.90
8102285	54.90
8102286	48.90
8102287	419.90
8102288	189.90
8102289	179.90
8102290	94.90
8102291	119.90
8102292	89.90
8102293	229.90
8102294	171.90
8102295	181.90
8102296	163.90
8102297	104.90
8102298	68.90
8102299	21.90
8102300	55.90